agency_cd	site_no	dec_lat_va	dec_long_va
USGS	7227420	35.75125	-102.8931667
USGS	7227500	35.4703261	-101.879628
USGS	7227700	35.58688889	-101.7101472
USGS	7227890	35.72077778	-101.6625278
USGS	7228000	35.935042	-100.3706884
USGS	7233500	36.20225497	-101.305993
USGS	7235000	36.23864885	-100.2756889
USGS	7295400	35.03550556	-102.1506
USGS	7295500	34.84867146	-102.1760295
USGS	7297910	34.83755505	-101.4140578
USGS	7298500	34.62783574	-100.9406994
USGS	7299540	34.56922728	-100.1940023
USGS	7299670	34.35451979	-99.7403719
USGS	7299890	34.93560669	-100.6965246
USGS	7300000	34.95755294	-100.220949
USGS	7301300	35.2642163	-100.2417855
USGS	7301410	35.47310419	-100.1209501
USGS	7308200	34.1795833	-99.3233333
USGS	7308500	34.11009327	-98.5317234
USGS	7311600	33.9506365	-100.0648269
USGS	7311630	33.7959174	-100.0751027
USGS	7311700	33.82064216	-99.7864822
USGS	7311782	33.62203029	-100.2089951
USGS	7311783	33.62203029	-100.2089951
USGS	7311800	33.644257	-99.8009252
USGS	7311900	33.70036966	-99.3886905
USGS	7312100	33.7600934	-99.1428495
USGS	7312110	33.81398475	-98.932844
USGS	7312200	33.90592785	-98.9050666
USGS	7312330	33.89694444	-98.7072222
USGS	7312500	33.90955506	-98.53367399
USGS	7312610	33.88444444	-98.4988889
USGS	7312700	34.0531504	-98.2967139
USGS	7314500	33.66260225	-98.6131124
USGS	7314900	33.8267666	-98.2400458
USGS	7315200	33.81287833	-98.0850406
USGS	7331600	33.81899124	-96.5633264
USGS	7332603	33.55502778	-96.1695833
USGS	7332605	33.57579444	-96.1557444
USGS	7332622	33.74416667	-95.9611111
USGS	7332655	33.7587361	-95.9159472
USGS	7336820	33.68400005	-94.6943774
USGS	7342470	33.21930278	-95.8621944
USGS	7342480	33.26650079	-95.9155217
USGS	7342500	33.356499	-95.5949562
USGS	7343000	33.47483009	-95.5877347
USGS	7343200	33.3862233	-95.1324428
USGS	7343356	33.49888889	-95.0513889
USGS	7343450	33.30944444	-94.6980556
USGS	7343500	33.32233617	-95.0927184
USGS	7343840	33.2747222	-94.8025
USGS	7344100	33.38444444	-94.4980556
USGS	7344210	33.30416667	-94.1513889
USGS	7344493	33.07293056	-94.9652278
USGS	7344500	33.02095787	-94.8821554
USGS	7345900	32.7551388	-94.4993658
USGS	7346000	32.74958345	-94.4988102
USGS	7346045	32.7779173	-94.3574153
USGS	7346050	32.6726406	-94.7510435
USGS	7346070	32.71291998	-94.3460265
USGS	7346080	32.7386111	-94.2325
USGS	8017200	33.1328933	-96.0769164
USGS	8017250	33.01427778	-96.2125
USGS	8017300	32.89790085	-96.2533118
USGS	8017410	32.8062358	-95.9194109
USGS	8017605	32.72952778	-95.8105278
USGS	8017900	32.72021667	-95.6350861
USGS	8018000	32.66174167	-95.6910806
USGS	8018500	32.61374667	-95.4857901
USGS	8019000	32.76318386	-95.4630094
USGS	8019200	32.55986369	-95.206614
USGS	8019500	32.6040291	-95.0916099
USGS	8020000	32.52708909	-94.9602175
USGS	8020450	32.47987044	-94.80438
USGS	8020700	32.38820599	-94.9032716
USGS	8020900	32.41681793	-94.7099324
USGS	8022040	32.32853333	-94.3538278
USGS	8022120	32.2249722	-94.22525
USGS	8022500	31.97238949	-94.0063014
USGS	8023050	31.8806861	-94.0985528
USGS	8023200	31.76572914	-94.0840835
USGS	8024480	31.39508333	-93.8946944
USGS	8025240	31.30316389	-93.8443472
USGS	8025356	31.1736111	-93.5658333
USGS	8025360	31.1737991	-93.5660077
USGS	8026000	31.06408004	-93.5196165
USGS	8028500	30.74714557	-93.608508
USGS	8029500	30.81888889	-93.7855556
USGS	8029520	30.6050111	-93.7944833
USGS	8030500	30.30381684	-93.7437784
USGS	8030530	30.127725	-93.7017833
USGS	8031000	30.18632045	-93.9085058
USGS	8031005	30.13067778	-93.9163444
USGS	8031020	30.132125	-93.8638139
USGS	8032000	31.89239037	-95.430786
USGS	8032400	31.62964444	-95.2858333
USGS	8032500	31.57945569	-95.1659965
USGS	8032700	31.39670556	-94.9658
USGS	8033000	31.1329682	-94.8099456
USGS	8033350	31.05039167	-94.8242639
USGS	8033500	31.025	-94.3994444
USGS	8033900	31.86017169	-94.8232697
USGS	8034500	31.97655578	-95.1607787
USGS	8036500	31.67184364	-94.9527152
USGS	8037050	31.6176793	-94.6415983
USGS	8037180	31.45718333	-94.7263278
USGS	8038000	31.50434957	-94.3043677
USGS	8039100	31.39629597	-94.1510289
USGS	8040600	30.79103579	-94.1510237
USGS	8041000	30.35576944	-94.0932566
USGS	8041300	30.481425	-94.3946528
USGS	8041500	30.3979862	-94.2635215
USGS	8041700	30.1060464	-94.3346324
USGS	8041749	30.17882253	-94.1887943
USGS	8041780	30.156878	-94.1143469
USGS	8041788	30.09553889	-94.0767722
USGS	8041790	30.09442778	-94.0909417
USGS	8041940	29.94571944	-94.3262889
USGS	8041970	29.82546944	-94.295325
USGS	8042000	29.875	-94.1594444
USGS	8042455	30.06783333	-94.1570278
USGS	8042468	30.0638111	-94.2177444
USGS	8042470	30.01472778	-94.1812056
USGS	8042500	29.92888889	-94.1097222
USGS	8042515	29.98205833	-94.0295611
USGS	8042520	29.88166667	-94.0516667
USGS	8042539	29.7924361	-94.4237694
USGS	8042558	29.67555556	-94.6661139
USGS	8042600	33.41319444	-98.3693611
USGS	8042800	33.29333333	-98.079 5
USGS	8042950	33.30758333	-97.9182778
USGS	8044000	33.23178218	-97.6947538
USGS	8044500	33.08539917	-97.558636
USGS	8044800	32.94568035	-97.5830798
USGS	8045550	32.7597222	-97.4038889
USGS	8045850	32.74040699	-97.6519711
USGS	8045995	32.65305556	-97.5863889
USGS	8047000	32.66513275	-97.4419642
USGS	8047050	32.6951316	-97.4472422
USGS	8047500	32.732353	-97.3589063
USGS	8048000	32.76096337	-97.3325167
USGS	8048543	32.7517972	-97.2894598
USGS	8048800	32.80735146	-97.2486256
USGS	8048890	32.53841667	-97.3150278
USGS	8048922	32.58855556	-97.3190278
USGS	8048970	32.60346909	-97.2650142
USGS	8049300	32.7884631	-97.1400111
USGS	8049500	32.7625	-96.9944444
USGS	804956950	32.8044972	-97.0098806
USGS	8049580	32.49097237	-97.1230646
USGS	8049700	32.5809695	-97.1019533
USGS	8050100	32.7498611	-96.9261111
USGS	8050350	33.601	-97.3258333
USGS	8050400	33.62427479	-97.1564016
USGS	8050800	33.55455428	-96.9472267
USGS	8050840	33.52622016	-96.8072191
USGS	8051135	33.3497222	-97.0355556
USGS	8051500	33.3362269	-97.1794587
USGS	8052700	33.28344977	-96.8927805
USGS	8052745	33.219298	-96.8919565
USGS	8052780	33.15178696	-97.1419573
USGS	8053000	33.0456773	-96.9611173
USGS	8053009	33.02694444	-96.9172222
USGS	8053025	33.01469444	-97.0046944
USGS	8053090	32.9571611	-96.9071167
USGS	8053430	33.27791667	-97.4170417
USGS	8053500	33.11901003	-97.2905732
USGS	8055000	32.9870677	-97.0127857
USGS	8055500	32.965957	-96.94445
USGS	8055560	32.87333333	-96.9305556
USGS	8056500	32.80735055	-96.8025013
USGS	8057000	32.7748517	-96.8219464
USGS	8057200	32.88929207	-96.7566664
USGS	8057300	32.80873904	-96.725832
USGS	8057410	32.70763139	-96.7358319
USGS	8059000	33.20372724	-96.595824
USGS	8059350	33.225	-96.3730556
USGS	8059400	33.29455786	-96.4830413
USGS	8059590	33.18513889	-96.6391389
USGS	8061000	33.02373066	-96.4755429
USGS	8061480	32.95225	-96.4736389
USGS	8061540	32.95984447	-96.6144378
USGS	8061548	32.9858611	-96.5564167
USGS	8061551	32.7986111	-96.4941667
USGS	8061750	32.7742947	-96.5035991
USGS	8061970	32.7004229	-96.5313887
USGS	8062000	32.6387442	-96.4852651
USGS	8062095	32.43687778	-96.6902556
USGS	8062500	32.42652988	-96.4630415
USGS	8062575	32.31666667	-96.3593056
USGS	8062700	32.14765255	-96.1024708
USGS	8062800	32.50347129	-96.1127508
USGS	8062895	32.5561111	-96.3388889
USGS	8063030	31.90955833	-96.8814639
USGS	8063040	32.05466944	-96.9065194
USGS	8063048	31.97805556	-96.8733333
USGS	8063050	31.9576568	-96.6894346
USGS	8063100	31.9384908	-96.6813787
USGS	8063460	31.967	-96.4751389
USGS	8063562	32.16465	-96.7620056
USGS	8063590	32.3822222	-96.8505556
USGS	8063800	32.2434807	-96.6402676
USGS	8064100	32.1984823	-96.5202639
USGS	8064570	31.96708333	-96.0471667
USGS	8064700	31.84849638	-96.2899755
USGS	8064990	31.7230361	-95.7591194
USGS	8065000	31.64850597	-95.7894029
USGS	8065080	31.62981667	-95.6342972
USGS	8065200	31.56989618	-95.8882938
USGS	8065310	31.4054861	-95.7643722
USGS	8065330	31.4068455	-95.601896
USGS	8065340	31.34466944	-95.4725778
USGS	8065350	31.33851319	-95.6563407
USGS	8065420	31.31018889	-96.0022278
USGS	8065500	31.0746349	-95.6994155
USGS	8065700	30.93716944	-95.9356611
USGS	8065800	30.8847222	-95.7777778
USGS	8065820	30.949675	-95.7164278
USGS	8065900	30.92581944	-95.52885
USGS	8065925	30.8222611	-95.5946306
USGS	8065950	30.8944111	-95.5144611
USGS	8066000	30.85935514	-95.39883
USGS	8066087	31.13739167	-95.4073028
USGS	8066138	31.10249444	-95.4722167
USGS	8066175	30.88675	-95.0803889
USGS	8066200	30.716306	-94.9588237
USGS	8066250	30.57214544	-94.9488223
USGS	8066300	30.48138889	-94.7797222
USGS	8066380	30.50217778	-95.0312889
USGS	8066500	30.4252067	-94.8507622
USGS	8066850	30.21041667	-94.8690139
USGS	8067000	30.05771539	-94.8182567
USGS	8067070	29.96132898	-94.8102003
USGS	8067250	29.83707778	-94.7635944
USGS	8067252	29.8124434	-94.7313087
USGS	8067280	29.84058056	-94.654225
USGS	8067500	29.97271914	-94.9857602
USGS	8067505	29.82151389	-94.9097056
USGS	8067520	29.8014972	-95.0047444
USGS	8067525	29.77078197	-94.9996503
USGS	8067548	30.6460298	-95.675224
USGS	8067552	30.60388333	-95.7252222
USGS	8067555	30.58396389	-95.5662611
USGS	8067575	30.52829167	-95.6793306
USGS	8067585	30.44693056	-95.6972333
USGS	8067650	30.34215289	-95.542998
USGS	8067653	30.31453889	-95.51145
USGS	8067690	30.37152778	-95.7691389
USGS	8067920	30.25775	-95.5636944
USGS	8068000	30.24465738	-95.4571616
USGS	8068002	30.30150833	-95.4379972
USGS	8068025	30.2413861	-95.3829806
USGS	8068090	30.14116667	-95.3382222
USGS	8068275	30.11993899	-95.6460559
USGS	8068310	30.1703611	-95.5416389
USGS	8068325	30.10549526	-95.5466084
USGS	8068390	30.19055556	-95.4911111
USGS	8068400	30.192159	-95.4838288
USGS	8068450	30.1343832	-95.4777175
USGS	8068500	30.11049517	-95.4363275
USGS	8068720	29.9502237	-95.8082835
USGS	8068740	29.959112	-95.7177249
USGS	8068780	30.01605437	-95.6974463
USGS	8068800	29.97355566	-95.5985545
USGS	8068900	30.00660994	-95.511885
USGS	8069000	30.0357753	-95.428827
USGS	8069500	30.02716385	-95.2579888
USGS	8069800	30.56694444	-95.1913889
USGS	8070000	30.33659809	-95.1040999
USGS	8070200	30.14523056	-95.1246139
USGS	8070220	30.4547972	-95.4236389
USGS	8070500	30.25965789	-95.3024361
USGS	8070550	30.2198111	-95.2492083
USGS	8070900	30.3271611	-95.22665
USGS	8071000	30.2327137	-95.1682662
USGS	8071250	30.12597778	-95.0494861
USGS	8072000	29.91633316	-95.1413198
USGS	8072050	29.87633426	-95.0938189
USGS	8072300	29.74328664	-95.8068951
USGS	8072470	29.7677295	-95.7285594
USGS	8072500	29.76995129	-95.6471682
USGS	8072520	29.7555972	-95.6457306
USGS	8072600	29.76938056	-95.6431667
USGS	8072680	29.8051111	-95.7096111
USGS	8072730	29.8307828	-95.6868912
USGS	8072760	29.86717035	-95.646612
USGS	8073000	29.79133939	-95.6235563
USGS	8073100	29.79027778	-95.6238889
USGS	8073500	29.7618958	-95.6057782
USGS	8073600	29.76217336	-95.5577213
USGS	8073700	29.7468959	-95.5235538
USGS	8074000	29.76022829	-95.4085505
USGS	8074020	29.87078073	-95.4804961
USGS	8074150	29.8513369	-95.4879965
USGS	8074250	29.82800424	-95.469385
USGS	8074500	29.77522777	-95.3971612
USGS	8074540	29.79277778	-95.3680556
USGS	8074760	29.7091197	-95.583 F
USGS	8074800	29.65662136	-95.5621664
USGS	8074810	29.6727317	-95.5282765
USGS	8075000	29.69717469	-95.412162
USGS	8075110	29.71416667	-95.3388889
USGS	8075400	29.61884399	-95.4460522
USGS	8075500	29.67439687	-95.2893807
USGS	8075605	29.65661915	-95.2291011
USGS	8075730	29.69467363	-95.216323
USGS	8075763	29.80883745	-95.3132696
USGS	8075770	29.79328217	-95.2679907
USGS	8075780	29.94911178	-95.5196633
USGS	8075900	29.95688886	-95.4179936
USGS	8076000	29.9182784	-95.3068796
USGS	8076180	29.93386089	-95.2339608
USGS	8076500	29.86189143	-95.3349365
USGS	8076700	29.8371695	-95.2332671
USGS	8076990	29.58546667	-95.3520472
USGS	8076997	29.5968991	-95.2974366
USGS	8077110	29.56640556	-95.3507361
USGS	8077600	29.51745517	-95.178544
USGS	8077640	29.436075	-95.1701306
USGS	8077670	29.38055833	-95.0900528
USGS	8077888	29.4365111	-95.2662889
USGS	8078000	29.37154704	-95.3230673
USGS	8078400	29.28088333	-95.3317917
USGS	8078890	29.61920556	-95.6836083
USGS	8078910	29.57348056	-95.5639333
USGS	8078935	29.352775	-95.5189806
USGS	8079510	33.55477778	-101.7881389
USGS	8079600	33.03843236	-101.1976302
USGS	8080500	33.0081577	-100.1806589
USGS	8080505	33.18791667	-99.9601361
USGS	8080700	34.17896048	-101.7026748
USGS	8080918	33.32430833	-100.9251194
USGS	8082000	33.3339801	-100.2381622
USGS	8082500	33.58092766	-99.2675756
USGS	8082700	33.32926607	-99.4650825
USGS	8082800	33.4089865	-99.3889688
USGS	8083100	32.78760777	-100.3887183
USGS	8083235	32.66191944	-99.9761861
USGS	8083240	32.5985	-99.8145556
USGS	8083420	32.47540219	-99.7492556
USGS	8083430	32.50730556	-99.7410278
USGS	8083480	32.4866111	-99.7145556
USGS	8084000	32.6901186	-99.6695326
USGS	8084100	32.67678588	-99.617031
USGS	8084200	32.795	-99.6056944
USGS	8084800	32.93094435	-99.642588
USGS	8085500	32.93297778	-99.2153889
USGS	8086050	32.55929085	-99.170074
USGS	8086212	32.73289717	-99.1406299
USGS	8086290	32.64845613	-99.0045146
USGS	8086500	32.8370625	-98.9481246
USGS	8087300	32.96068333	-98.7667694
USGS	8088000	33.02428377	-98.6439481
USGS	8088430	33.04351667	-98.4084083
USGS	8088470	32.85163889	-98.6617611
USGS	8088610	32.85817854	-98.411719
USGS	8089000	32.8626236	-98.3025492
USGS	8090800	32.61568907	-97.9258703
USGS	8090830	32.58659444	-97.9199583
USGS	8090905	32.38638889	-97.6522222
USGS	8091000	32.25903188	-97.7025268
USGS	8091500	32.23153166	-97.7772512
USGS	8092000	32.15070534	-97.402794
USGS	8093100	31.8123822	-97.2977882
USGS	8093360	31.8954362	-97.2030634
USGS	8094800	31.9765366	-98.032812
USGS	8095000	31.785991	-97.5680748
USGS	8095200	31.66960575	-97.4694602
USGS	8095300	31.50933179	-97.365845
USGS	8095400	31.5557199	-97.3564004
USGS	8096500	31.53600056	-97.0733325
USGS	8096580	31.53588889	-97.0325417
USGS	8097000	31.3127111	-97.1384222
USGS	8098290	31.13407098	-96.8249826
USGS	8098295	31.07345278	-97.0063972
USGS	8098300	31.02657804	-96.98834133
USGS	8099000	32.36375969	-98.6756166
USGS	8099100	32.1737502	-98.5331058
USGS	8099300	32.11402957	-98.6056067
USGS	8099382	32.04902778	-98.6460556
USGS	8099500	31.9579235	-98.4592116
USGS	8100000	31.78877645	-98.1214319
USGS	8100500	31.4347222	-97.7583333
USGS	8100950	31.3778361	-97.9173472
USGS	8101000	31.2848902	-97.8850244
USGS	8102500	31.07017947	-97.4413967
USGS	8102595	31.0539722	-97.4625278
USGS	8102730	30.99338056	-97.3935417
USGS	8102850	31.29350556	-98.1692306
USGS	8103800	31.0793403	-98.0166919
USGS	8103900	30.91156805	-98.0369676
USGS	8103940	30.97252778	-97.7785278
USGS	8104055	31.018	-97.5262778
USGS	8104100	31.0018485	-97.4925088
USGS	8104300	30.9443472	-97.534075
USGS	8104500	30.9665723	-97.346113
USGS	810464660	30.69775	-97.8492222
USGS	8104700	30.6618646	-97.7114164
USGS	8104900	30.6257499	-97.6911204
USGS	8105095	30.70324685	-97.6663985
USGS	8105505	30.70216667	-97.4341667
USGS	8105700	30.69436146	-97.2788849
USGS	8105872	30.52518056	-97.7499917
USGS	8105883	30.51290556	-97.6864361
USGS	8105886	30.46555556	-97.7878889
USGS	8105888	30.51239444	-97.6366722
USGS	8106050	30.51958333	-97.3384472
USGS	8106350	30.76074836	-97.0138754
USGS	8106500	30.83519047	-96.9466512
USGS	8107950	31.01306944	-97.1100833
USGS	8108250	30.90324377	-96.9791531
USGS	8108700	30.6268665	-96.544135
USGS	8108705	31.1778972	-96.7515333
USGS	8108710	31.1214861	-96.6172417
USGS	8108780	30.87944444	-96.6402778
USGS	8109310	30.63758889	-96.4524611
USGS	8109700	30.33937764	-96.9047037
USGS	8109800	30.40743105	-96.8174791
USGS	8110000	30.3218773	-96.5074683
USGS	8110100	30.41965196	-96.5402466
USGS	8110200	30.359175	-96.1549028
USGS	8110325	31.57434158	-96.5208295
USGS	8110430	31.50684385	-96.3247125
USGS	8110500	31.17018658	-96.2977664
USGS	8110520	31.24730278	-96.2155944
USGS	8110800	30.9737987	-96.2416274
USGS	8111006	30.7576111	-96.297475
USGS	8111051	30.64173333	-96.308125
USGS	8111056	30.5124111	-96.2067
USGS	8111070	30.41840278	-96.1066167
USGS	8111080	30.35330556	-95.9962778
USGS	8111085	30.19580278	-96.3654028
USGS	8111090	30.22	-96.3031722
USGS	8111110	30.21231389	-96.2429583
USGS	8111500	30.12910626	-96.1877387
USGS	8111700	29.88106145	-96.2052402
USGS	8111850	29.80833333	-96.0955556
USGS	8114000	29.5824589	-95.7577275
USGS	8114100	29.56768889	-95.6681417
USGS	8115000	29.47190769	-95.8030067
USGS	8116400	29.51190593	-95.7468942
USGS	8116650	29.34968614	-95.5824635
USGS	8116850	29.1444131	-95.6060571
USGS	8117370	29.66075	-96.2436667
USGS	8117375	29.761675	-96.205325
USGS	8117403	29.4009722	-96.0682917
USGS	8117500	29.31357967	-95.8938421
USGS	8117705	29.11194444	-95.6766667
USGS	8117720	29.01100278	-95.58825
USGS	8117855	29.0417222	-95.8635194
USGS	8117857	29.07003333	-95.7889167
USGS	8117858	28.95151389	-95.7112278
USGS	8117995	32.62874497	-101.2854152
USGS	8119500	32.53915278	-101.0552222
USGS	8120500	32.57372368	-100.9078941
USGS	8121000	32.39261865	-100.8787246
USGS	8123800	32.1992913	-101.0140029
USGS	8123850	32.05374399	-100.762052
USGS	8124000	31.88542168	-100.4806543
USGS	8126380	31.71542973	-100.0264755
USGS	8127000	31.74931697	-99.9478636
USGS	8128000	31.18711186	-100.5020388
USGS	8128030	31.2727611	-100.5042194
USGS	8128400	31.42738264	-100.7112125
USGS	8129300	31.33016396	-100.6403767
USGS	8130500	31.27405465	-100.6309318
USGS	8130700	31.3309973	-100.600931
USGS	8131400	31.30905356	-100.4459254
USGS	8131600	31.4162804	-100.3945511
USGS	8133250	31.8973574	-101.105113
USGS	8133500	31.83013918	-100.9937215
USGS	8134000	31.5926549	-100.6370449
USGS	8134250	31.54265769	-100.5550977
USGS	8136000	31.454606	-100.4106474
USGS	8136500	31.5159908	-99.9195226
USGS	8136700	31.49376898	-99.5739532
USGS	8140700	31.9726444	-99.1303376
USGS	8140860	31.8792472	-99.2778417
USGS	8142000	31.84666667	-99.4246944
USGS	8143500	31.7364 -98.9754889	5
USGS	8143600	31.5173861	-98.740603
USGS	8143990	30.92175	-99.8525
USGS	8144500	30.91907405	-99.785643
USGS	8145000	31.1382357	-99.3350754
USGS	8146000	31.21322316	-98.7194871
USGS	8146500	31.19573577	-98.71200232
USGS	8147000	31.21794515	-98.564484
USGS	8148500	30.5174101	-99.806179
USGS	8149900	30.47901389	-99.7780389
USGS	8150000	30.50435487	-99.7345097
USGS	8150700	30.66073685	-99.1092185
USGS	8150800	30.64351548	-99.0958848
USGS	8151500	30.7513041	-98.6697773
USGS	8152000	30.5576991	-98.472271
USGS	8152900	30.22048584	-98.8697812
USGS	8153500	30.29187379	-98.3994904
USGS	8154700	30.37214825	-97.7847301
USGS	8155200	30.29631587	-97.925565
USGS	8155240	30.27409788	-97.84475235
USGS	8155300	30.24465306	-97.8022283
USGS	8155400	30.26354168	-97.772228
USGS	8155500	30.26354169	-97.7713947
USGS	8155541	30.24666667	-97.7691667
USGS	8156675	30.35416667	-97.7388889
USGS	8156800	30.276598	-97.7503052
USGS	8156910	30.32277778	-97.7227778
USGS	8157540	30.27162778	-97.7355583
USGS	8158000	30.24613889	-97.6800556
USGS	8158030	30.2861111	-97.7086111
USGS	8158035	30.26305556	-97.7125
USGS	8158045	30.30055556	-97.6855556
USGS	8158200	30.375205	-97.6605601
USGS	8158380	30.3543736	-97.6980818
USGS	8158600	30.2832642	-97.655003
USGS	8158700	30.08298924	-98.0077859
USGS	8158810	30.15548749	-97.9400076
USGS	8158813	30.1636611	-97.9070194
USGS	8158823	30.1251 -97.90571111	5
USGS	8158824	30.125833	-97.903889
USGS	8158827	30.12632345	-97.8211161
USGS	8158840	30.20909967	-97.90336492
USGS	8158860	30.1621554	-97.8322279
USGS	8158922	30.2263215	-97.8414188
USGS	8158927	30.2124722	-97.8288611
USGS	8158930	30.22132179	-97.7936396
USGS	8158970	30.189378	-97.732504
USGS	8159000	30.17798987	-97.6886138
USGS	8159105	30.17647778	-97.5869167
USGS	8159110	30.38349444	-97.6020611
USGS	8159200	30.10466154	-97.3194368
USGS	8159250	30.09453056	-97.6593222
USGS	8159500	30.01272074	-97.1619321
USGS	8160400	29.9124474	-96.9038699
USGS	8160800	29.79911967	-96.5321933
USGS	8161000	29.7063454	-96.5369155
USGS	8162000	29.30913668	-96.1038482
USGS	8162500	28.9741462	-96.0124588
USGS	8162501	28.77416667	-95.9975
USGS	8162580	28.97359167	-96.2085194
USGS	8162600	28.92803769	-96.1710747
USGS	8163500	29.4432973	-96.9449819
USGS	8163720	29.26886389	-96.9727694
USGS	8163880	29.09466667	-96.9872333
USGS	8163900	29.1354361	-96.9865944
USGS	8164000	28.95998449	-96.6863668
USGS	8164150	29.68995833	-96.9382611
USGS	8164200	29.69758333	-96.8379472
USGS	8164300	29.466908	-96.812756
USGS	8164350	29.321914	-96.7091425
USGS	8164370	29.1355328	-96.7444227
USGS	8164390	29.06553568	-96.6741434
USGS	8164410	29.45140278	-96.6736056
USGS	8164450	29.1602539	-96.5463608
USGS	8164503	29.07185833	-96.4680278
USGS	8164504	29.07081227	-96.4171913
USGS	8164600	28.8913759	-96.8191486
USGS	8164800	28.72527137	-96.7688702
USGS	8165300	30.06410028	-99.3870175
USGS	8165500	30.06993074	-99.3217122
USGS	8166000	30.10020707	-99.2831006
USGS	8166140	30.06965617	-99.1953454
USGS	8166150	30.06548967	-99.18228948
USGS	8166200	30.053266	-99.163375
USGS	8166250	29.98777778	-99.11
USGS	8167000	29.96523889	-98.8971667
USGS	8167200	29.89358333	-98.6698333
USGS	8167500	29.8604957	-98.3836275
USGS	8167800	29.85910758	-98.1800106
USGS	8168000	29.7593893	-98.140009
USGS	8168500	29.7149465	-98.1100083
USGS	8168710	29.70605788	-98.1225085
USGS	8168797	29.688	-98.1548333
USGS	8168913	29.71007778	-98.1316611
USGS	8168932	29.7089611	-98.1334417
USGS	8169000	29.70640833	-98.1222083
USGS	8169500	29.69800265	-98.1066748
USGS	8169778	29.5996111	-97.9391722
USGS	8169792	29.53616667	-97.8809444
USGS	8169845	29.4876 -97.5875056	1
USGS	8170000	29.88910804	-97.9341718
USGS	8170500	29.88910804	-97.9341718
USGS	8170890	30.02080556	-98.3305556
USGS	8170905	30.0368 -98.2228972	5
USGS	8170950	30.00058333	-98.2003611
USGS	8170990	30.03444444	-98.1261111
USGS	8171000	29.99438343	-98.088925
USGS	8171290	30.00555556	-97.9525
USGS	8171300	29.9793843	-97.910031
USGS	8171350	29.8795111	-97.9107528
USGS	8171400	29.8322861	-97.8423833
USGS	8172000	29.66633885	-97.6508561
USGS	8172400	29.92299765	-97.679191
USGS	8173000	29.699444	-97.603333
USGS	8173210	29.6549222	-97.5997722
USGS	8173900	29.48440414	-97.4502702
USGS	8174200	29.62491389	-97.3207444
USGS	8174545	29.6926472	-97.2314944
USGS	8174550	29.68580278	-97.2308167
USGS	8174600	29.47412328	-97.3166795
USGS	8174700	29.31446667	-97.3035
USGS	8174970	29.29175556	-97.6207556
USGS	8175000	29.2152475	-97.4494353
USGS	8175800	29.09053147	-97.3297129
USGS	8176500	28.7930456	-97.0130429
USGS	8176550	28.89776103	-97.3549922
USGS	8176900	28.86165308	-97.2263791
USGS	8177300	28.7516564	-97.3172142
USGS	8177500	28.73110317	-97.1386004
USGS	8177520	28.66194444	-96.9652778
USGS	8177700	29.4991192	-98.5102958
USGS	8177818	29.4661111	-98.4686111
USGS	8178000	29.4096781	-98.4950458
USGS	8178050	29.39301189	-98.4947392
USGS	8178090	29.44523223	-98.5019619
USGS	8178500	29.40634484	-98.5108795
USGS	8178565	29.32218095	-98.450322
USGS	8178585	29.63078135	-98.5655755
USGS	8178593	29.5638611	-98.5196667
USGS	8178700	29.5160633	-98.4311271
USGS	8178800	29.35717994	-98.412821
USGS	817887350	29.79389167	-99.2485944
USGS	8178880	29.72383537	-99.070035
USGS	8178980	29.69438889	-98.9793056
USGS	8180586	29.61972778	-98.7951528
USGS	8180640	29.3241246	-98.813081
USGS	8180700	29.33495798	-98.689744
USGS	8180800	29.26218286	-98.5814074
USGS	8180990	29.59305556	-98.5991667
USGS	8181400	29.57856108	-98.6916896
USGS	8181435	29.447875	-98.6337111
USGS	8181480	29.32995837	-98.5841856
USGS	8181500	29.2641276	-98.4908493
USGS	8181725	29.2354111	-98.4026083
USGS	8181800	29.2221853	-98.3558463
USGS	8183200	29.11	-98.1744444
USGS	8183500	28.95163797	-98.0641989
USGS	8183900	29.77498889	-98.7094694
USGS	8183978	29.73677778	-98.4933722
USGS	8184050	29.74826667	-98.4076833
USGS	8185000	29.5941173	-98.3111523
USGS	8185065	29.50144444	-98.18625
USGS	8185100	29.44388889	-98.1688889
USGS	8185500	29.2797222	-98.0533333
USGS	8186000	29.01413629	-97.9303065
USGS	8186500	28.92025074	-97.7722462
USGS	8187500	28.81998007	-97.859168
USGS	8188060	28.84869444	-97.7371389
USGS	8188500	28.6492861	-97.3848583
USGS	8188570	28.53125	-97.0426944
USGS	8188590	28.50548889	-96.7814278
USGS	8188800	28.50582149	-96.8847203
USGS	8188810	28.4783224	-96.8627751
USGS	8189200	28.30360538	-97.1125039
USGS	8189298	28.51549167	-97.7813917
USGS	8189300	28.4830428	-97.6566862
USGS	8189320	28.381675	-97.5950167
USGS	8189500	28.29193875	-97.2791751
USGS	8189520	28.21693333	-97.3516944
USGS	8189585	28.411425	-97.7806222
USGS	8189590	28.39894167	-97.7476528
USGS	8189700	28.28249389	-97.6208513
USGS	8189718	28.04569167	-97.525175
USGS	818999010	29.71883333	-100.039575
USGS	8189998	29.52646667	-100.0183667
USGS	8190000	29.42856679	-99.997287
USGS	8190500	29.48108333	-100.2391667
USGS	8192000	29.12385015	-99.8948062
USGS	8193000	28.50026313	-99.6819935
USGS	8194000	28.42637889	-99.2400322
USGS	8194200	27.96501329	-98.9669678
USGS	8194500	28.30888906	-98.5572384
USGS	8195000	29.48856496	-99.7047756
USGS	8196000	29.50467576	-99.7814452
USGS	8196300	29.3736111	-99.7041667
USGS	8197500	29.2457934	-99.6744978
USGS	8197936	29.719	-99.5487
USGS	8198000	29.4910644	-99.4928241
USGS	8198500	29.31430556	-99.4804722
USGS	8200000	29.57003056	-99.2476889
USGS	8200720	29.3761111	-99.1166667
USGS	8200977	29.56777778	-99.0969444
USGS	8201500	29.573284	-99.4030997
USGS	8202700	29.37078917	-99.2878185
USGS	8203450	29.34527778	-99.7488889
USGS	8204000	29.1544077	-99.7433888
USGS	8204005	29.1544077	-99.7433888
USGS	8205500	28.73664429	-99.1447556
USGS	8206600	28.46749279	-98.5475174
USGS	8206700	28.58748787	-98.5458513
USGS	8206910	28.48610326	-98.2416752
USGS	8207290	29	-98.5116667
USGS	8207500	28.86497693	-98.3383454
USGS	8208000	28.62220899	-98.2813988
USGS	8210000	28.42749545	-98.1780625
USGS	8210400	28.05973533	-98.0969482
USGS	8211000	28.03834719	-97.8602769
USGS	8211200	27.93779594	-97.7758308
USGS	8211500	27.88307697	-97.625273
USGS	8211520	27.71141879	-97.5019377
USGS	8211800	27.76663889	-98.0755556
USGS	8211900	27.77252575	-98.033613
USGS	8212300	27.52614624	-97.8674982
USGS	8212400	27.26448618	-98.1358378
USGS	8212820	27.66525	-97.7022778
USGS	8364000	31.80288488	-106.5408218
USGS	8371500	29.6210127	-104.4810367
USGS	8374550	29.13798	-103.5249033
USGS	8375300	29.1835386	-102.9754409
USGS	8377200	29.78075694	-101.7559523
USGS	8412500	31.87264499	-103.8315949
USGS	8419000	31.4838611	-103.4901667
USGS	8427000	30.94573056	-103.7898833
USGS	8427500	30.94292408	-103.7882377
USGS	8433000	30.95792694	-103.459619
USGS	8437710	31.3668055	-103.0059908
USGS	8446500	31.11320329	-102.4176419
USGS	8447000	30.65961373	-101.7701244
USGS	8447020	30.45075	-101.7319167
USGS	8447300	30.314	-101.7415556
USGS	8447410	29.8029823	-101.4462223
USGS	8449000	29.96353604	-101.1453849
USGS	8449100	29.888325	-100.9898028
USGS	8456310	29.30791667	-100.4192222
USGS	8458975	27.57568333	-99.5060389
USGS	8458995	27.5360972	-99.5001833
USGS	8474095	25.9216111	-97.4754167
USGS	8474107	25.91444444	-97.4918889
USGS	8474108	25.89402778	-97.4528889
USGS	8474110	25.94083333	-97.4256944
USGS	8474300	25.9172222	-97.3778333
USGS	8474395	26.06744444	-97.1548333
USGS	325823097031702 Grapevine Lk Seepage Weir No 2 nr Coppell	32.97313333	-97.0549278